1.76E-01 
2.74E-01 
9.04E-02 
1.75E-02 
3.50E-02 
7.60E-02 
1.27E-01 
1.09E+01 
3.29E+00 
9.65E-01 
4.18E-01 
2.25E-02 
2.16E-01 
4.51E-02 
5.69E-01 
2.74E-02 
1.40E-02 
1.01E+01 
1.17E-01 
9.51E-02 
3.20E-02 
9.73E-03 
5.68E-01 
7.74E-01 
1.70E-02 
7.53E-01 
2.10E-02 
2.68E+01 
3.06E-01 
7.79E-01 
2.62E+01 
2.79E+01 
8.96E+00 
1.73E+01 
8.91E-01 
9.75E-01 
1.40E-01 
3.59E-01 
3.18E-01 
5.41E-01 
5.25E+00 
6.18E+00 
2.63E+00 
1.99E-01 
5.72E-02 
1.22E-01 
5.47E-02 
1.18E-01 
1.13E-01 
7.04E-02 
2.40E-02 
2.16E-02 
1.44E-02 
2.22E-01 
1.21E-01 
1.07E-01 
2.42E-01 
1.69E-01 
2.63E-01 
2.47E-01 
2.17E-01 
2.45E-01 
2.10E-01 
3.70E-01 
3.94E-01 
5.86E-02 
4.51E+00 
7.64E+00 
2.47E-04 
1.99E-05 
1.73E-05 
1.44E-05 
1.14E-05 
1.17E-05 
1.27E-02 
8.09E-03 
6.96E-03 
1.16E-02 
7.90E-03 
7.07E-03 
1.81E-02 
2.17E-04 
1.06E-04 
2.97E-05 
2.64E-01 
3.82E-05 
5.68E-06 
1.93E+00 
8.61E-06 
2.11E-03 
7.80E-07 
1.02E-07 
2.25E-03 
7.84E-06 
2.98E-03 
4.44E-03 
5.78E-03 
7.94E-04 
8.41E-03 
1.13E-02 
2.73E-02 
4.57E-02 
1.05E-03 
4.92E-04 
1.92E-04 
1.58E-03 
3.94E-04 
1.87E-02 
3.09E-04 
5.63E-06 
5.32E-06 
1.01E-07 
1.27E-05 
2.39E-05 
3.90E-02 
1.69E-02 
1.03E-02 
5.66E-02 
5.34E-02 
1.02E-01 
1.03E-01 
3.18E-02 
5.12E-02 
7.46E-02 
7.66E-02 
8.74E-02 
1.20E-01 
1.36E-01 
1.49E-01 
1.63E-04 
