    1538.
    1702.
    1644.
    2120.
    2273.
    2130.
    1838.
    1399.
    1214.
    1680.
    1110.
    1556.
    1425.
    1716.
    1572.
    1989.
    1255.
    1281.
    2320.
    1730.
    1577.
    1496.
    1388.
    1829.
    1234.
    1928.
     569.
    3143.
     288.
    1812.
   -1669.
    1491.
    3263.
     -39.
    1223.
    1586.
    1559.
    1669.
    1860.
    1946.
    1302.
    1279.
    3836.
    1648.
    2233.
    1507.
    2436.
     986.
    1054.
    1622.
    1945.
    2132.
    2377.
    1606.
    1409.
    1935.
    1701.
    1628.
    1517.
    2104.
    1697.
    1448.
    1253.
    1471.
    1276.
    2215.
    1664.
     399.
    2868.
    2245.
    2421.
    1927.
    1258.
    1455.
    2331.
    2467.
    2530.
    4339.
    4099.
    4104.
    4585.
    2682.
    2254.
    3144.
   -1563.
    3066.
    2768.
    -507.
    2840.
    2307.
    1850.
    1368.
    2337.
    3121.
    2571.
    2623.
    2689.
    1947.
    3122.
    3084.
    2799.
    3610.
    1856.
    2223.
    3670.
    2054.
    2323.
     -57.
    2452.
    2327.
    2626.
    2149.
    2868.
    2446.
    2158.
    3178.
    2704.
    1598.
    1927.
    1955.
    2060.
    1854.
    1865.
    1662.
    1887.
    1347.
    1486.
    1552.
    1656.
    3024.
